38
10
86
2
47
24
58
90
57
42
18902
7682
29229
18008
6787
28334
17114
5893
27440
16219
4999
26546
15325
4104
25651
14431
3210
24757
13536
2316
23863
12642
1421
22969
11748
527
22074
10853
32401
21180
9959
31506
20286
9065
30612
19391
8170
29718
18497
7276
28823
17603
6382
27929
16708
5487
27035
15814
4593
26140
14920
3699
25246
14025
2804
24352
13131
1910
23457
12237
1016
22563
11342
121
21669
10448
31995
20774
9554
31101
19880
8659
30206
18986
7765
29312
18091
6871
28418
17197
5976
27523
16303
5082
26629
15408
4188
25735
14514
3293
24840
13620
2399
23946
12725
1505
23052
11831
610
22157
10937
32484
21263
10042
31590
20369
9148
30695
19475
8254
29801
18580
7359
28907
17686
6465
28012
16792
5571
27118
15897
4676
26224
15003
3782
25329
14109
2888
24435
13214
1993
23541
12320
1099
22646
11426
205
21752
10531
32078
20858
9637
31184
19963
8743
30290
19069
7848
29395
18175
6954
28501
17280
6060
27607
16386
5165
26712
15492
4271
25818
14597
3377
24924
13703
2482
24029
12809
1588
23135
11914
694
22241
11020
32567
21346
10126
31673
20452
9231
30779
19558
8337
29884
18664
7443
28990
17769
6548
28096
16875
5654
27201
15981
4760
26307
15086
3865
25413
14192
2971
24518
13298
2077
23624
12403
1182
22730
11509
288
21835
10615
32162
20941
9720
31267
20047
8826
30373
19152
7932
29479
18258
7037
28584
17364
6143
27690
16469
5249
26796
15575
4354
25901
14681
3460
25007
13786
2566
24113
12892
1671
23218
11998
777
22324
11103
32651
21430
10209
31756
20535
9315
30862
19641
8420
29968
18747
7526
29073
17853
6632
28179
16958
5737
27285
16064
4843
26390
15170
3949
25496
14275
3054
24602
13381
2160
23707
12487
1266
22813
11592
371
21919
10698
32245
21024
9804
31351
20130
8909
30456
19236
8015
29562
18341
7121
28668
17447
6226
27773
16553
5332
26879
15658
4438
25985
14764
3543
25090
13870
2649
24196
12975
1755
23302
12081
860
22407
11187
32734
21513
10292
31840
20619
9398
30945
19724
8504
30051
18830
7609
29157
17936
6715
28262
17041
5821
27368
16147
4926
26474
15253
4032
25579
14359
3138
24685
13464
2243
23791
12570
1349
22896
11676
455
22002
10781
32328
21108
9887
31434
20213
8993
30540
19319
8098
29645
18425
7204
28751
17530
6310
27857
16636
5415
26962
15742
4521
26068
14847
3627
25174
13953
2732
24279
13059
1838
23385
12164
944
22491
11270
49
21596
10376
31923
20702
9481
31029
19808
8587
30134
18913
7693
29240
18019
6798
28346
17125
5904
27451
16230
5010
26557
15336
4115
25663
14442
3221
24768
13548
2327
23874
12653
1432
22980
11759
538
22085
10865
32412
21191
9970
31517
20297
9076
30623
19402
8182
29729
18508
7287
28834
17614
6393
27940
16719
5499
27046
15825
4604
26151
14931
3710
25257
14036
2816
24363
13142
1921
23468
12248
1027
22574
11353
133
21680
10459
32006
20785
9565
31112
19891
8670
30218
18997
7776
29323
18102
6882
28429
17208
5987
27535
16314
5093
26640
15419
4199
25746
14525
3304
24852
13631
2410
23957
12737
1516
23063
11842
621
22169
10948
32495
21274
10054
31601
20380
9159
30706
19486
8265
29812
18591
7371
28918
17697
6476
28023
16803
5582
27129
15908
4688
26235
15014
3793
25340
14120
2899
24446
13225
2005
23552
12331
1110
22657
11437
216
21763
10542
32090
20869
9648
31195
19974
8754
30301
19080
7859
29407
18186
6965
28512
17291
6071
27618
16397
5176
26724
15503
4282
25829
14608
3388
24935
13714
2493
24041
12820
1599
23146
11925
705
22252
11031
32578
21358
10137
31684
20463
9243
30790
19569
8348
29895
18675
7454
29001
17780
6560
28107
16886
5665
27212
15992
4771
26318
15097
3877
25424
14203
2982
24529
13309
2088
23635
12414
1194
22741
11520
299
21846
10626
32173
20952
9731
31279
20058
8837
30384
19163
7943
29490
18269
7048
28596
17375
6154
27701
16480
5260
26807
15586
4365
25913
14692
3471
25018
13797
2577
24124
12903
1682
23230
12009
788
22335
11114
32662
21441
10220
31767
20547
9326
30873
19652
8432
29979
18758
7537
29084
17864
6643
28190
16969
5749
27296
16075
4854
26401
15181
3960
25507
14286
3066
24613
13392
2171
23718
12498
1277
22824
11603
383
21930
10709
32256
21035
9815
31362
20141
8920
30468
19247
8026
29573
18352
7132
28679
17458
6237
27785
16564
5343
26890
15669
4449
25996
14775
3554
25102
13881
2660
24207
12986
1766
23313
12092
871
22419
11198
32745
21524
10303
31851
20630
9409
30956
19736
8515
30062
18841
7621
29168
17947
6726
28273
17053
5832
27379
16158
4938
26485
15264
4043
25590
14370
3149
24696
13475
2255
23802
12581
1360
22907
11687
466
22013
10792
32340
21119
9898
31445
20224
9004
30551
19330
8109
29657
18436
7215
28762
17541
6321
27868
16647
5426
26974
15753
4532
26079
14858
3638
25185
13964
2743
24291
13070
1849
23396
12175
955
22502
11281
60
21608
10387
31934
20713
9492
31040
19819
8598
30145
18925
7704
29251
18030
6809
28357
17136
5915
27462
16242
5021
26568
15347
4127
25674
14453
3232
24779
13559
2338
23885
12664
1444
22991
11770
549
22096
10876
32423
21202
9981
31529
20308
9087
30634
19413
8193
29740
18519
7298
28846
17625
6404
27951
16730
5510
27057
15836
4615
26163
14942
3721
25268
14047
2827
24374
13153
1932
23480
12259
1038
22585
11364
144
21691
10470
32017
20797
9576
31123
19902
8681
30229
19008
7787
29334
18114
6893
28440
17219
5998
27546
16325
5104
26651
15431
4210
25757
14536
3316
24863
13642
2421
23968
12748
1527
23074
11853
633
22180
10959
32506
21285
10065
31612
20391
9170
30718
19497
8276
29823
18602
7382
28929
17708
6487
28035
16814
5593
27140
15919
4699
26246
15025
3804
25352
14131
2910
24457
13236
2016
23563
12342
1121
22669
11448
227
21774
10553
32101
20880
9659
31206
19986
8765
30312
19091
7870
29418
18197
6976
28523
17303
6082
27629
16408
5187
26735
15514
4293
25840
14620
3399
24946
13725
2505
24052
12831
1610
23157
11937
716
22263
11042
32590
21369
10148
31695
20474
9254
30801
19580
8359
29907
18686
7465
29012
17791
6571
28118
16897
5676
27224
16003
4782
26329
15108
3888
25435
14214
2993
24541
13320
2099
23646
12425
1205
22752
11531
310
21858
10637
32184
20963
9742
31290
20069
8848
30395
19175
7954
29501
18280
7059
28607
17386
6165
27712
16492
5271
26818
15597
4376
25924
14703
3482
25029
13809
2588
24135
12914
1694
23241
12020
799
22346
11126
32673
21452
10231
31779
20558
9337
30884
19663
8443
29990
18769
7548
29096
17875
6654
28201
16980
5760
27307
16086
4865
26413
15192
3971
25518
14297
3077
24624
13403
2182
23730
12509
1288
22835
11614
394
21941
10720
32267
21047
9826
31373
20152
8931
30479
19258
8037
29584
18364
7143
28690
17469
6248
27796
16575
5354
26901
15681
4460
26007
14786
3565
25113
13892
2671
24218
12998
1777
23324
12103
882
22430
11209
32756
21535
10315
31862
20641
9420
30968
19747
8526
30073
18852
7632
29179
17958
6737
28285
17064
5843
27390
16169
4949
26496
15275
4054
25602
14381
3160
24707
13486
2266
23813
12592
1371
22919
11698
477
22024
10803
32351
21130
9909
31456
20236
9015
30562
19341
8120
29668
18447
7226
28773
17553
6332
27879
16658
5437
26985
15764
4543
26090
14870
3649
25196
13975
2754
24302
13081
1860
23407
12187
966
22513
11292
71
21619
10398
31945
20724
9504
31051
19830
8609
30157
18936
7715
29262
18041
6821
28368
17147
5926
27474
16253
5032
26579
15358
4138
25685
14464
3243
24791
13570
2349
23896
12675
1455
23002
11781
560
22108
10887
32434
21213
9992
31540
20319
9098
30645
19425
8204
29751
18530
7309
28857
17636
6415
27962
16742
5521
27068
15847
4626
26174
14953
3732
25279
14059
2838
24385
13164
1943
23491
12270
1049
22596
11376
155
21702
10481
32028
20808
9587
31134
19913
8693
30240
19019
7798
29346
18125
6904
28451
17230
6010
27557
16336
5115
26663
15442
4221
25768
14547
3327
24874
13653
2432
23980
12759
1538
23085
11864
644
22191
10970
32517
21297
10076
31623
20402
9181
30729
19508
8287
29834
18614
7393
28940
17719
6498
28046
16825
5604
27151
15931
4710
26257
15036
3815
25363
14142
2921
24468
13248
2027
23574
12353
1132
22680
11459
238
21785
10565
32112
20891
9670
31217
19997
8776
30323
19102
7882
29429
18208
6987
28534
17314
6093
27640
16419
5199
26746
15525
4304
25852
14631
3410
24957
13736
2516
24063
12842
1621
23169
11948
727
22274
11053
32601
21380
10159
31706
20486
9265
30812
19591
8370
29918
18697
7476
29023
17803
6582
28129
16908
5687
27235
16014
4793
26340
15120
3899
25446
14225
3004
24552
13331
2110
23657
12437
1216
22763
11542
321
21869
10648
32195
20974
9754
31301
20080
8859
30406
19186
7965
29512
18291
7071
28618
17397
6176
27723
16503
5282
26829
15608
4388
25935
14714
3493
25041
13820
2599
24146
12925
1705
23252
12031
810
22358
11137
32684
21463
10242
31790
20569
9348
30895
19675
8454
30001
18780
7559
29107
17886
6665
28212
16992
5771
27318
16097
4876
26424
15203
3982
25529
14309
3088
24635
13414
2193
23741
12520
1299
22846
11626
405
21952
10731
32278
21058
9837
31384
20163
8943
30490
19269
8048
29595
18375
7154
28701
17480
6260
27807
16586
5365
26912
15692
4471
26018
14797
3577
25124
13903
2682
24230
13009
1788
23335
12114
894
22441
11220
32767
21547
10326
31873
20652
9431
30979
19758
8537
30084
18864
7643
29190
17969
6748
28296
17075
5854
27401
16181
4960
26507
15286
4065
25613
14392
3171
24718
13498
2277
23824
12603
1382
22930
11709
488
22035
10815
32362
21141
9920
31467
20247
9026
30573
19352
8132
29679
18458
7237
28784
17564
6343
27890
16669
5449
26996
15775
4554
26101
14881
3660
25207
13986
2766
24313
13092
1871
23418
12198
977
22524
11303
83
21630
10409
31956
20736
9515
31062
19841
8620
30168
18947
7726
29273
18053
6832
28379
17158
5937
27485
16264
5043
26590
15370
4149
25696
14475
3254
24802
13581
2360
23907
12687
1466
23013
11792
571
22119
10898
32445
21224
10004
31551
20330
9109
30656
19436
8215
29762
18541
7321
28868
17647
6426
27973
16753
5532
27079
15858
4638
26185
14964
3743
25290
14070
2849
24396
13175
1955
23502
12281
1060
22607
11387
166
21713
10492
32040
20819
9598
31145
19925
8704
30251
19030
7809
29357
18136
6915
28462
17242
6021
27568
16347
5126
26674
15453
4232
25779
14559
3338
24885
13664
2443
23991
12770
1549
23096
11876
655
22202
10981
32528
21308
10087
31634
20413
9193
30740
19519
8298
29845
18625
7404
28951
17730
6510
28057
16836
5615
27162
15942
4721
26268
15047
3827
25374
14153
2932
24479
13259
2038
23585
12364
1144
22691
11470
249
21796
10576
32123
20902
9681
31229
20008
8787
30334
19114
7893
29440
18219
6998
28546
17325
6104
27651
16431
5210
26757
15536
4315
25863
14642
3421
24968
13748
2527
24074
12853
1632
23180
11959
738
22285
11065
32612
21391
10170
31717
20497
9276
30823
19602
8382
29929
18708
7487
29034
17814
6593
28140
16919
5699
27246
16025
4804
26351
15131
3910
25457
14236
3016
24563
13342
2121
23668
12448
1227
22774
11553
333
21880
10659
32206
20985
9765
31312
20091
8870
30418
19197
7976
29523
18302
7082
28629
17408
6187
27735
16514
5293
26840
15620
4399
25946
14725
3504
25052
13831
2610
24157
12937
1716
23263
12042
821
22369
11148
32695
21474
10254
31801
20580
9359
30906
19686
8465
30012
18791
7571
29118
17897
6676
28223
17003
5782
27329
16108
4888
26435
15214
3993
25540
14320
3099
24646
13425
2205
23752
12531
1310
22857
11637
416
21963
10742
32290
21069
9848
31395
20174
8954
30501
19280
8059
29607
18386
7165
28712
17491
6271
27818
16597
5376
26924
15703
4482
26029
14809
3588
25135
13914
2693
24241
13020
1799
23346
12126
905
22452
11231
10
21558
10337
31884
20663
9443
30990
19769
8548
30095
18875
7654
29201
17980
6760
28307
17086
5865
27412
16192
4971
26518
15297
4077
25624
14403
3182
24729
13509
2288
23835
12614
1394
22941
11720
499
22046
10826
32373
21152
9931
31479
20258
9037
30584
19363
8143
29690
18469
7248
28796
17575
6354
27901
16680
5460
27007
15786
4565
26113
14892
3671
25218
13998
2777
24324
13103
1882
23430
12209
988
22535
11315
94
21641
10420
31967
20747
9526
31073
19852
8632
30179
18958
7737
29284
18064
6843
28390
17169
5949
27496
16275
5054
26601
15381
4160
25707
14486
3266
24813
13592
2371
23918
12698
1477
23024
11803
583
22130
10909
32456
21235
10015
31562
20341
9120
30668
19447
8226
29773
18552
7332
28879
17658
6437
27985
16764
5543
27090
15869
4649
26196
14975
3754
25302
14081
2860
24407
13187
1966
23513
12292
1071
22619
11398
177
21724
10504
32051
20830
9609
31156
19936
8715
30262
19041
7821
29368
18147
6926
28473
17253
6032
27579
16358
5138
26685
15464
4243
25790
14570
3349
24896
13675
2455
24002
12781
1560
23107
11887
666
22213
10992
32540
21319
10098
31645
20424
9204
30751
19530
8309
29857
18636
7415
28962
17741
6521
28068
16847
5626
27174
15953
4732
26279
15058
3838
25385
14164
2943
24491
13270
2049
23596
12375
1155
22702
11481
260
21808
10587
32134
20913
9693
31240
20019
8798
30345
19125
7904
29451
18230
7010
28557
17336
6115
27662
16442
5221
26768
15547
4327
25874
14653
3432
24979
13759
2538
24085
12864
1644
23191
11970
749
22296
11076
32623
21402
10181
31729
20508
9287
30834
19613
8393
29940
18719
7498
29046
17825
6604
28151
16930
5710
27257
16036
4815
26363
15142
3921
25468
14247
3027
24574
13353
2132
23680
12459
1238
22785
11564
344
21891
10670
32217
20997
9776
31323
20102
8882
30429
19208
7987
29534
18314
7093
28640
17419
6199
27746
16525
5304
26851
15631
4410
25957
14736
3516
25063
13842
2621
24168
12948
1727
23274
12053
833
22380
11159
32706
21485
10265
31812
20591
9370
30918
19697
8476
30023
18802
7582
29129
17908
6687
28235
17014
5793
27340
16119
4899
26446
15225
4004
25552
14331
3110
24657
13436
2216
23763
12542
1321
22869
11648
427
21974
10753
32301
21080
9859
31406
20186
8965
30512
19291
8071
29618
18397
7176
28723
17503
6282
27829
16608
5388
26935
15714
4493
26040
14820
3599
25146
13925
2705
24252
13031
1810
23357
12137
916
22463
11242
22
21569
10348
31895
20674
9454
31001
19780
8559
30107
18886
7665
29212
17991
6771
28318
17097
5876
27424
16203
4982
26529
15308
4088
25635
14414
3193
24741
13520
2299
23846
12625
1405
22952
11731
510
22058
10837
32384
21163
9942
31490
20269
9048
30595
19375
8154
29701
18480
7259
28807
17586
6365
27912
16692
5471
27018
15797
4577
26124
14903
3682
25229
14009
2788
24335
13114
1894
23441
12220
999
22546
11326
105
21652
10431
31979
20758
9537
31084
19863
8643
30190
18969
7748
29296
18075
6854
28401
17180
5960
27507
16286
5065
26613
15392
4171
25718
14497
3277
24824
13603
2382
23930
12709
1488
23035
11814
594
22141
10920
32467
21247
10026
31573
20352
9131
30679
19458
8237
29784
18564
7343
28890
17669
6448
27996
16775
5554
27101
15881
4660
26207
14986
3766
25313
14092
2871
24418
13198
1977
23524
12303
1083
22630
11409
188
21735
10515
32062
20841
9620
31168
19947
8726
30273
19052
7832
29379
18158
6937
28485
17264
6043
27590
16369
5149
26696
15475
4254
25802
14581
3360
24907
13686
2466
24013
12792
1571
23119
11898
677
22224
11003
32551
21330
10109
31656
20436
9215
30762
19541
8320
29868
18647
7426
28973
17753
6532
28079
16858
5637
27185
15964
4743
26290
15070
3849
25396
14175
2955
24502
13281
2060
23607
12387
1166
22713
11492
272
21819
10598
32145
20924
9704
31251
20030
8809
30357
19136
7915
29462
18241
7021
28568
17347
6126
27674
16453
5232
26779
15558
4338
25885
14664
3443
24991
13770
2549
24096
12875
1655
23202
11981
760
22308
11087
32634
21413
10192
31740
20519
9298
30845
19625
8404
29951
18730
7509
29057
17836
6615
28162
16942
5721
27268
16047
4826
26374
15153
3932
25479
14259
3038
24585
13364
2143
23691
12470
1249
22796
11576
355
21902
10681
32229
21008
9787
31334
20113
8893
30440
19219
7998
29546
18325
7104
28651
17430
6210
27757
16536
5315
26863
15642
4421
25968
14747
3527
25074
13853
2632
24180
12959
1738
23285
12064
844
22391
11170
32717
21497
10276
31823
20602
9381
30929
19708
8487
30034
18814
7593
29140
17919
6698
28246
17025
5804
27351
16131
4910
26457
15236
4015
25563
14342
3121
24668
13448
2227
23774
12553
1332
22880
11659
438
21985
10765
32312
21091
9870
31418
20197
8976
30523
19302
8082
29629
18408
7187
28735
17514
6293
27840
16619
5399
26946
15725
4504
26052
14831
3610
25157
13936
2716
24263
13042
1821
23369
12148
927
22474
11253
33
21580
10359
31906
20686
9465
31012
19791
8570
30118
18897
7676
29223
18003
6782
28329
17108
5887
27435
16214
4993
26540
15320
4099
25646
14425
3204
24752
13531
2310
23857
12637
1416
22963
11742
521
22069
10848
32395
21174
9954
31501
20280
9059
30607
19386
8165
29712
18491
7271
28818
17597
6376
27924
16703
5482
27029
15808
4588
26135
14914
3693
25241
14020
2799
24346
13125
1905
23452
12231
1010
22558
11337
116
21663
10442
31990
20769
9548
31095
19875
8654
30201
18980
7759
29307
18086
6865
28412
17192
5971
27518
16297
5076
26624
15403
4182
25729
14509
3288
24835
13614
2393
23941
12720
1499
23046
11826
605
22152
10931
32478
21258
10037
31584
20363
9143
30690
19469
8248
29795
18575
7354
28901
17680
6460
28007
16786
5565
27113
15892
4671
26218
14997
3777
25324
14103
2882
24430
13209
1988
23535
12314
1094
22641
11420
199
21747
10526
32073
20852
9631
31179
19958
8737
30284
19064
7843
29390
18169
6948
28496
17275
6054
27601
16381
5160
26707
15486
4265
25813
14592
3371
24918
13698
2477
24024
12803
1582
23130
11909
688
22235
11015
32562
21341
10120
31667
20447
9226
30773
19552
8332
29879
18658
7437
28984
17764
6543
28090
16869
5649
27196
15975
4754
26302
15081
3860
25407
14186
2966
24513
13292
2071
23619
12398
1177
22724
11503
283
21830
10609
32156
20936
9715
31262
20041
8820
30368
19147
7926
29473
18253
7032
28579
17358
6137
27685
16464
5243
26790
15570
4349
25896
14675
3454
25002
13781
2560
24107
12887
1666
23213
11992
771
22319
11098
32645
21424
10204
31751
20530
9309
30856
19636
8415
29962
18741
7521
29068
17847
6626
28173
16953
5732
27279
16058
4838
26385
15164
3943
25491
14270
3049
24596
13375
2155
23702
12481
1260
22808
11587
366
21913
10692
32240
21019
9798
31345
20125
8904
30451
19230
8009
29557
18336
7115
28662
17442
6221
27768
16547
5326
26874
15653
4432
25979
14759
3538
25085
13864
2643
24191
12970
1749
23296
12076
855
22402
11181
32728
21508
10287
31834
20613
9393
30940
19719
8498
30045
18825
7604
29151
17930
6710
28257
17036
5815
27362
16142
4921
26468
15247
4027
25574
14353
3132
24680
13459
2238
23785
12564
1344
22891
11670
449
21997
10776
32323
21102
9881
31429
20208
8987
30534
19314
8093
29640
18419
7198
28746
17525
6304
27851
16631
5410
26957
15736
4515
26063
14842
3621
25168
13948
2727
24274
13053
1832
23380
12159
938
22485
11265
44
21591
10370
31917
20697
9476
31023
19802
8582
30129
18908
7687
29234
18014
6793
28340
17119
5899
27446
16225
5004
26551
15331
4110
25657
14436
3216
24763
13542
2321
23868
12648
1427
22974
11753
533
22080
10859
32406
21186
9965
31512
20291
9070
30618
19397
8176
29723
18503
7282
28829
17608
6387
27935
16714
5493
27040
15820
4599
26146
14925
3704
25252
14031
2810
24357
13137
1916
23463
12242
1021
22569
11348
127
21674
10454
32001
20780
9559
31106
19886
8665
30212
18991
7771
29318
18097
6876
28423
17203
5982
27529
16308
5088
26635
15414
4193
25740
14520
3299
24846
13625
2405
23952
12731
1510
23057
11837
616
22163
10942
32490
21269
10048
31595
20375
9154
30701
19480
8259
29807
18586
7365
28912
17692
6471
28018
16797
5576
27124
15903
4682
26229
15009
3788
25335
14114
2893
24441
13220
1999
23546
12326
1105
22652
11431
210
21758
10537
32084
20863
9643
31190
19969
8748
30295
19075
7854
29401
18180
6960
28507
17286
6065
27612
16392
5171
26718
15497
4277
25824
14603
3382
24929
13709
2488
24035
12814
1594
23141
11920
699
22246
11026
32573
21352
10131
31679
20458
9237
30784
19564
8343
29890
18669
7448
28996
17775
6554
28101
16881
5660
27207
15986
4765
26313
15092
3871
25418
14198
2977
24524
13303
2082
23630
12409
1188
22735
11515
294
21841
10620
32167
20947
9726
31273
20052
8832
30379
19158
7937
29484
18264
7043
28590
17369
6149
27696
16475
5254
26801
15581
4360
25907
14686
3466
25013
13792
2571
24118
12898
1677
23224
12003
783
22330
11109
32656
21435
10215
31762
20541
9320
30868
19647
8426
29973
18752
7532
29079
17858
6637
28185
16964
5743
27290
16070
4849
26396
15175
3954
25502
14281
3060
24607
13387
2166
23713
12492
1271
22819
11598
377
21924
10704
32251
21030
9809
31356
20136
8915
30462
19241
8021
29568
18347
7126
28673
17453
6232
27779
16558
5338
26885
15664
4443
25990
14770
3549
25096
13875
2655
24202
12981
1760
23307
12087
866
22413
11192
32740
21519
10298
31845
20624
9404
30951
19730
8509
30057
18836
7615
29162
17941
6721
28268
17047
5826
27374
16153
4932
26479
15259
4038
25585
14364
3143
24691
13470
2249
23796
12576
1355
22902
11681
460
22008
10787
32334
21113
9893
31440
20219
8998
30545
19325
8104
29651
18430
7210
28757
17536
6315
27862
16642
5421
26968
15747
4527
26074
14853
3632
25179
13959
2738
24285
13064
1844
23391
12170
949
22496
11276
55
21602
10381
31929
20708
9487
31034
19813
8593
30140
18919
7698
29246
18025
6804
28351
17130
5910
27457
16236
5015
26563
15342
4121
25668
14448
3227
24774
13553
2332
23880
12659
1438
22985
11765
544
22091
10870
32417
21197
9976
31523
20302
9082
30629
19408
8187
29734
18514
7293
28840
17619
6399
27946
16725
5504
27051
15831
4610
26157
14936
3716
25263
14042
2821
24368
13148
1927
23474
12253
1033
22580
11359
138
21685
10465
32012
20791
9570
31118
19897
8676
30223
19002
7782
29329
18108
6887
28435
17214
5993
27540
16319
5099
26646
15425
4204
25752
14531
3310
24857
13636
2416
23963
12742
1521
23069
11848
627
22174
10954
32501
21280
10059
31606
20386
9165
30712
19491
8271
29818
18597
7376
28923
17703
6482
28029
16808
5588
27135
15914
4693
26240
15020
3799
25346
14125
2905
24452
13231
2010
23557
12337
1116
22663
11442
222
21769
10548
32095
20874
9654
31201
19980
8759
30307
19086
7865
29412
18191
6971
28518
17297
6076
27624
16403
5182
26729
15508
4288
25835
14614
3393
24941
13720
2499
24046
12825
1605
23152
11931
710
22258
11037
32584
21363
10143
31690
20469
9248
30795
19575
8354
29901
18680
7460
29007
17786
6565
28112
16892
5671
27218
15997
4777
26324
15103
3882
25429
14209
2988
24535
13314
2094
23641
12420
1199
22746
11526
305
21852
10631
32179
20958
9737
31284
20063
8843
30390
19169
7948
29496
18275
7054
28601
17380
6160
27707
16486
5265
26813
15592
4371
25918
14697
3477
25024
13803
2582
24130
12909
1688
23235
12014
794
22341
11120
32667
21447
10226
31773
20552
9332
30879
19658
8437
29984
18764
7543
29090
17869
6649
28196
16975
5754
27301
16081
4860
26407
15186
3966
25513
14292
3071
24618
13398
2177
23724
12503
1283
22830
11609
388
21935
10715
32262
21041
9820
31368
20147
8926
30473
19252
8032
29579
18358
7137
28685
17464
6243
27790
16569
5349
26896
15675
4454
26002
14781
3560
25107
13886
2666
24213
12992
1771
23319
12098
877
22424
11203
32751
21530
10309
31856
20636
9415
30962
19741
8520
30068
18847
7626
29173
17953
6732
28279
17058
5838
27385
16164
4943
26490
15270
4049
25596
14375
3155
24702
13481
2260
23807
12587
1366
22913
11692
472
22019
10798
32345
21124
9904
31451
20230
9009
30557
19336
8115
29662
18441
7221
28768
17547
6326
27874
16653
5432
26979
15758
4538
26085
14864
3643
25191
13970
2749
24296
13075
1855
23402
12181
960
22508
11287
66
21613
10392
31940
20719
9498
31045
19825
8604
30151
18930
7709
29257
18036
6815
28362
17142
5921
27468
16247
5027
26574
15353
4132
25679
14459
3238
24785
13564
2344
23891
12670
1449
22996
11776
555
22102
10881
32429
21208
9987
31534
20313
9093
30640
19419
8198
29746
18525
7304
28851
17630
6410
27957
16736
5515
27063
15842
4621
26168
14947
3727
25274
14053
2832
24380
13159
1938
23485
12264
1044
22591
11370
149
21697
10476
32023
20802
9581
31129
19908
8687
30234
19014
7793
29340
18119
6898
28446
17225
6004
27551
16331
5110
26657
15436
4216
25763
14542
3321
24868
13648
2427
23974
12753
1533
23080
11859
638
22185
10965
32512
21291
10070
31618
20397
9176
30723
19502
8282
29829
18608
7387
28935
17714
6493
28040
16819
5599
27146
15925
4704
26252
15031
3810
25357
14136
2916
24463
13242
2021
23569
12348
1127
22674
11453
233
21780
10559
32106
20886
9665
31212
19991
8770
30318
19097
7876
29423
18203
6982
28529
17308
6087
27635
16414
5193
26740
15520
4299
25846
14625
3405
24952
13731
2510
24057
12837
1616
23163
11942
722
22269
11048
32595
21374
10154
31701
20480
9259
30807
19586
8365
29912
18691
7471
29018
17797
6576
28124
16903
5682
27229
16008
4788
26335
15114
3893
25441
14220
2999
24546
13325
2105
23652
12431
1210
22758
11537
316
21863
10642
32190
20969
9748
31295
20075
8854
30401
19180
7959
29507
18286
7065
28612
17392
6171
27718
16497
5276
26824
15603
4382
25929
14709
3488
25035
13814
2593
24141
12920
1699
23246
12026
805
22352
11131
32679
21458
10237
31784
20563
9343
30890
19669
8448
29996
18775
7554
29101
17880
6660
28207
16986
5765
27313
16092
4871
26418
15197
3977
25524
14303
3082
24630
13409
2188
23735
12514
1294
22841
11620
399
21947
10726
32273
21052
9831
31379
20158
8937
30484
19264
8043
29590
18369
7148
28696
17475
6254
27801
16581
5360
26907
15686
4465
26013
14792
3571
25118
13898
2677
24224
13003
1782
23330
12109
888
22435
11215
32762
21541
10320
31868
20647
9426
30973
19752
8532
30079
18858
7637
29185
17964
6743
28290
17069
5849
27396
16175
4954
26502
15281
4060
25607
14386
3166
24713
13492
2271
23819
12598
1377
22924
11703
483
22030
10809
32356
21136
9915
31462
20241
9020
30568
19347
8126
29673
18453
7232
28779
17558
6337
27885
16664
5443
26990
15770
4549
26096
14875
3654
25202
13981
2760
24307
13087
1866
23413
12192
971
22519
11298
77
21624
10404
31951
20730
9509
31057
19836
8615
30162
18941
7721
29268
18047
6826
28374
17153
5932
27479
16258
5038
26585
15364
4143
25691
14470
3249
24796
13575
2355
23902
12681
1460
23008
11787
566
22113
10892
32440
21219
9998
31545
20325
9104
30651
19430
8209
29757
18536
7315
28862
17642
6421
27968
16747
5526
27074
15853
4632
26179
14959
3738
25285
14064
2843
24391
13170
1949
23496
12276
1055
22602
11381
160
21708
10487
32034
20813
9593
31140
19919
8698
30245
19025
7804
29351
18130
6910
28457
17236
6015
27563
16342
5121
26668
15447
4227
25774
14553
3332
24880
13659
2438
23985
12764
1544
23091
11870
649
22197
10976
32523
21302
10081
31629
20408
9187
30734
19514
8293
29840
18619
7398
28946
17725
6504
28051
16831
5610
27157
15936
4715
26263
15042
3821
25368
14148
2927
24474
13253
2032
23580
12359
1138
22685
11465
244
21791
10570
32117
20897
9676
31223
20002
8782
30329
19108
7887
29434
18214
6993
28540
17319
6099
27646
16425
5204
26752
15531
4310
25857
14636
3416
24963
13742
2521
24069
12848
1627
23174
11953
733
22280
11059
32606
21386
10165
31712
20491
9270
30818
19597
8376
29923
18703
7482
29029
17808
6587
28135
16914
5693
27240
16020
4799
26346
15125
3904
25452
14231
3010
24557
13337
2116
23663
12442
1221
22769
11548
327
21874
10654
32201
20980
9759
31306
20086
8865
30412
19191
7971
29518
18297
7076
28623
17403
6182
27729
16508
5288
26835
15614
4393
25941
14720
3499
25046
13825
2605
24152
12931
1710
23258
12037
816
22363
11142
32690
21469
10248
31795
20575
9354
30901
19680
8459
30007
18786
7565
29112
17892
6671
28218
16997
5776
27324
16103
4882
26429
15209
3988
25535
14314
3093
24641
13420
2199
23746
12526
1305
22852
11631
410
21958
10737
32284
21063
9843
31390
20169
8948
30495
19275
8054
29601
18380
7160
28707
17486
6265
27812
16592
5371
26918
15697
4477
26024
14803
3582
25129
13909
2688
24235
13014
1794
23341
12120
899
22447
11226
5
21552
10331
31879
20658
9437
30984
19764
8543
30090
18869
7648
29196
17975
6754
28301
17081
5860
27407
16186
4965
26513
15292
4071
25618
14398
3177
24724
13503
2282
23830
12609
1388
22935
11715
494
22041
10820
32367
21147
9926
31473
20252
9032
30579
19358
8137
29684
18464
7243
28790
17569
6349
27896
16675
5454
27001
15781
4560
26107
14886
3666
25213
13992
2771
24318
13098
1877
23424
12203
983
22530
11309
88
21636
10415
31962
20741
9520
31068
19847
8626
30173
18953
7732
29279
18058
6837
28385
17164
5943
27490
16270
5049
26596
15375
4154
25702
14481
3260
24807
13587
2366
23913
12692
1471
23019
11798
577
22124
10904
32451
21230
10009
31556
20336
9115
30662
19441
8221
29768
18547
7326
28873
17653
6432
27979
16758
5538
27085
15864
4643
26190
14970
3749
25296
14075
2855
24402
13181
1960
23507
12287
1066
22613
11392
172
21719
10498
32045
20825
9604
31151
19930
8709
30257
19036
7815
29362
18142
6921
28468
17247
6026
27574
16353
5132
26679
15459
4238
25785
14564
3343
24891
13670
2449
23996
12776
1555
23102
11881
660
22208
10987
32534
21313
10093
31640
20419
9198
30745
19525
8304
29851
18630
7410
28957
17736
6515
28062
16842
5621
27168
15947
4727
26274
15053
3832
25379
14159
2938
24485
13264
2044
23591
12370
1149
22696
11476
255
21802
10581
32129
20908
9687
31234
20013
8793
30340
19119
7898
29446
18225
7004
28551
17331
6110
27657
16436
5215
26763
15542
4321
25868
14648
3427
24974
13753
2532
24080
12859
1638
23185
11965
744
22291
11070
32617
21397
10176
31723
20502
9282
30829
19608
8387
29934
18714
7493
29040
17819
6599
28146
16925
5704
27251
16031
4810
26357
15136
3916
25463
14242
3021
24568
13348
2127
23674
12453
1233
22780
11559
338
21885
10665
32212
20991
9770
31318
20097
8876
30423
19202
7982
29529
18308
7087
28635
17414
6193
27740
16520
5299
26846
15625
4404
25952
14731
3510
25057
13837
2616
24163
12942
1721
23269
12048
827
22374
11154
32701
21480
10259
31806
20586
9365
30912
19691
8471
30018
18797
7576
29123
17903
6682
28229
17008
5788
27335
16114
4893
26440
15220
3999
25546
14325
3105
24652
13431
2210
23757
12537
1316
22863
11642
422
21969
10748
32295
21074
9854
31401
20180
8959
30507
19286
8065
29612
18391
7171
28718
17497
6276
27824
16603
5382
26929
15709
4488
26035
14814
3593
25141
13920
2699
24246
13026
1805
23352
12131
910
22458
11237
16
21563
10343
31890
20669
9448
30995
19775
8554
30101
18880
7660
29207
17986
6765
28312
17092
5871
27418
16197
4977
26524
15303
4082
25629
14409
3188
24735
13514
2294
23841
12620
1399
22946
11726
505
22052
10831
32379
21158
9937
31484
20263
9043
30590
19369
8148
29696
18475
7254
28801
17580
6360
27907
16686
5465
27013
15792
4571
26118
14898
3677
25224
14003
2782
24330
13109
1888
23435
12215
994
22541
11320
99
21647
10426
31973
20752
9532
31079
19858
8637
30184
18964
7743
29290
18069
6849
28396
17175
5954
27501
16281
5060
26607
15386
4166
25713
14492
3271
24818
13598
2377
23924
12703
1483
23030
11809
588
22135
10915
32462
21241
10020
31568
20347
9126
30673
19452
8232
29779
18558
7337
28885
17664
6443
27990
16769
5549
27096
15875
4654
26202
14981
3760
25307
14086
2866
24413
13192
1971
23519
12298
1077
22624
11404
183
21730
10509
32056
20836
9615
31162
19941
8721
30268
19047
7826
29373
18153
6932
28479
17258
6038
27585
16364
5143
26690
15470
4249
25796
14575
3355
24902
13681
2460
24007
12787
1566
23113
11892
672
22219
10998
32545
21324
10104
31651
20430
9209
30757
19536
8315
29862
18641
7421
28968
17747
6526
28074
16853
5632
27179
15958
4738
26285
15064
3843
25391
14170
2949
24496
13275
2055
23602
12381
1160
22708
11487
266
21813
10593
32140
20919
9698
31245
20025
8804
30351
19130
7910
29457
18236
7015
28562
17342
6121
27668
16447
5227
26774
15553
4332
25879
14659
3438
24985
13764
2544
24091
12870
1649
23196
11976
755
22302
11081
32629
21408
10187
31734
20513
9293
30840
19619
8398
29946
18725
7504
29051
17830
6610
28157
16936
5715
27263
16042
4821
26368
15147
3927
25474
14253
3032
24580
13359
2138
23685
12464
1244
22791
11570
349
21897
10676
32223
21002
9782
31329
20108
8887
30434
19214
7993
29540
18319
7099
28646
17425
6204
27751
16531
5310
26857
15636
4416
25963
14742
3521
25068
13848
2627
24174
12953
1733
23280
12059
838
22385
11165
32712
21491
10270
31818
20597
9376
30923
19702
8482
30029
18808
7587
29135
17914
6693
28240
17019
5799
27346
16125
4904
26452
15231
4010
25557
14336
3116
24663
13442
2221
23769
12548
1327
22874
11653
433
21980
10759
32306
21086
9865
31412
20191
8970
30518
19297
8076
29623
18403
7182
28729
17508
6288
27835
16614
5393
26940
15720
4499
26046
14825
3605
25152
13931
2710
24257
13037
1816
23363
12142
922
22469
11248
27
21574
10354
31901
20680
9459
31007
19786
8565
30112
18891
7671
29218
17997
6776
28324
17103
5882
27429
16208
4988
26535
15314
4093
25641
14420
3199
24746
13525
2305
23852
12631
1410
22958
11737
516
22063
10842
32390
21169
9948
31495
20275
9054
30601
19380
8159
29707
18486
7265
28812
17592
6371
27918
16697
5477
27024
15803
4582
26129
14909
3688
25235
14014
2794
24341
13120
1899
23446
12226
1005
22552
11331
111
21658
10437
31984
20763
9543
31090
19869
8648
30196
18975
7754
29301
18080
6860
28407
17186
5965
27513
16292
5071
26618
15397
4177
25724
14503
3282
24830
13609
2388
23935
12714
1494
23041
11820
599
22147
10926
32473
21252
10031
31579
20358
9137
30684
19464
8243
29790
18569
7348
28896
17675
6454
28001
16781
5560
27107
15886
4666
26213
14992
3771
25318
14098
2877
24424
13203
1983
23530
12309
1088
22635
11415
194
21741
10520
32068
20847
9626
31173
19952
8732
30279
19058
7837
29385
18164
6943
28490
17269
6049
27596
16375
5154
26702
15481
4260
25807
14586
3366
24913
13692
2471
24019
12798
1577
23124
11903
683
22230
11009
32556
21336
10115
31662
20441
9220
30768
19547
8326
29873
18653
7432
28979
17758
6537
28085
16864
5643
27190
15970
4749
26296
15075
3854
25402
14181
2960
24507
13287
2066
23613
12392
1172
22719
11498
277
21824
10604
32151
20930
9709
31257
20036
8815
30362
19141
7921
29468
18247
7026
28574
17353
6132
27679
16458
5238
26785
15564
4343
25891
14670
3449
24996
13775
2555
24102
12881
1660
23208
11987
766
22313
11092
32640
21419
10198
31745
20525
9304
30851
19630
8409
29957
18736
7515
29062
17842
6621
28168
16947
5726
27274
16053
4832
26379
15159
3938
25485
14264
3043
24591
13370
2149
23696
12476
1255
22802
11581
361
21908
10687
32234
21013
9793
31340
20119
8898
30446
19225
8004
29551
18330
7110
28657
17436
6215
27763
16542
5321
26868
15647
4427
25974
14753
3532
25080
13859
2638
24185
12964
1744
23291
12070
849
22397
11176
32723
21502
10281
31829
20608
9387
30934
19714
8493
30040
18819
7598
29146
17925
6704
28251
17031
5810
27357
16136
4915
26463
15242
4021
25568
14348
3127
24674
13453
2232
23780
12559
1338
22885
11665
444
21991
10770
32318
21097
9876
31423
20202
8982
30529
19308
8087
29635
18414
7193
28740
17519
6299
27846
16625
5404
26952
15731
4510
26057
14836
3616
25163
13942
2721
24269
13048
1827
23374
12153
933
22480
11259
38
21586
10365
31912
20691
9470
31018
19797
8576
30123
18903
7682
29229
18008
6787
28335
17114
5893
27440
16220
4999
26546
15325
4104
25652
14431
3210
24757
13537
2316
23863
12642
1421
22969
11748
527
22074
10854
32401
21180
9959
31506
20286
9065
30612
19391
8171
29718
18497
7276
28824
17603
6382
27929
16708
5488
27035
15814
4593
26141
14920
3699
25246
14025
2805
24352
13131
1910
23458
12237
1016
22563
11342
122
21669
10448
31995
20775
9554
31101
19880
8659
30207
18986
7765
29312
18092
6871
28418
17197
5976
27524
16303
5082
26629
15409
4188
25735
14514
3293
24841
13620
2399
23946
12726
1505
23052
11831
610
22158
10937
32484
21263
10043
31590
20369
9148
30695
19475
8254
29801
18580
7360
28907
17686
6465
28013
16792
5571
27118
15897
4677
26224
15003
3782
25330
14109
2888
24435
13214
1994
23541
12320
1099
22647
11426
205
21752
10531
32079
20858
9637
31184
19964
8743
30290
19069
7848
29396
18175
6954
28501
17281
6060
27607
16386
5165
26713
15492
4271
25818
14598
3377
24924
13703
2482
24030
12809
1588
23135
11915
694
22241
11020
32567
21347
10126
31673
20452
9232
30779
19558
8337
29884
18664
7443
28990
17769
6549
28096
16875
5654
27202
15981
4760
26307
15086
3866
25413
14192
2971
24519
13298
2077
23624
12403
1183
22730
11509
288
21836
10615
32162
20941
9720
31268
20047
8826
30373
19153
7932
29479
18258
7037
28585
17364
6143
27690
16470
5249
26796
15575
4354
25902
14681
3460
25007
13787
2566
24113
12892
1671
23219
11998
777
22324
11104
32651
21430
10209
31756
20536
9315
30862
19641
8421
29968
18747
7526
29073
17853
6632
28179
16958
5738
27285
16064
4843
26391
15170
3949
25496
14275
3055
24602
13381
2160
23708
12487
1266
22813
11592
372
21919
10698
32245
21025
9804
31351
20130
8909
30457
19236
8015
29562
18342
7121
28668
17447
6226
27774
16553
5332
26879
15659
4438
25985
14764
3543
25091
13870
2649
24196
12976
1755
23302
12081
860
22408
11187
32734
21513
10293
31840
20619
9398
30945
19725
8504
30051
18830
7610
29157
17936
6715
28262
17042
5821
27368
16147
4927
26474
15253
4032
25579
14359
3138
24685
13464
2244
23791
12570
1349
22897
11676
455
22002
10781
32329
21108
9887
31434
20214
8993
30540
19319
8098
29646
18425
7204
28751
17531
6310
27857
16636
5415
26963
15742
4521
26068
14848
3627
25174
13953
2732
24280
13059
1838
23385
12165
944
22491
11270
49
21597
10376
31923
20702
9482
31029
19808
8587
30134
18914
7693
29240
18019
6799
28346
17125
5904
27451
16231
5010
26557
15336
4116
25663
14442
3221
24768
13548
2327
23874
12653
1433
22980
11759
538
22086
10865
32412
21191
9970
31518
20297
9076
30623
19403
8182
29729
18508
7287
28835
17614
6393
27940
16720
5499
27046
15825
4604
26152
14931
3710
25257
14037
2816
24363
13142
1921
23469
12248
1027
22574
11354
133
21680
10459
32006
20786
9565
31112
19891
8671
30218
18997
7776
29323
18103
6882
28429
17208
5988
27535
16314
5093
26640
15420
4199
25746
14525
3305
24852
13631
2410
23957
12737
1516
23063
11842
622
22169
10948
32495
21275
10054
31601
20380
9159
30707
19486
8265
29812
18592
7371
28918
17697
6476
28024
16803
5582
27129
15909
4688
26235
15014
3793
25341
14120
2899
24446
13226
2005
23552
12331
1110
22658
11437
216
21763
10543
32090
20869
9648
31195
19975
8754
30301
19080
7860
29407
18186
6965
28512
17292
6071
27618
16397
5177
26724
15503
4282
25829
14609
3388
24935
13714
2494
24041
12820
1599
23146
11926
705
22252
11031
32579
21358
10137
31684
20463
9243
30790
19569
8348
29896
18675
7454
29001
17781
6560
28107
16886
5665
27213
15992
4771
26318
15098
3877
25424
14203
2982
24530
13309
2088
23635
12415
1194
22741
11520
299
21847
10626
32173
20952
9732
31279
20058
8837
30384
19164
7943
29490
18269
7049
28596
17375
6154
27701
16481
5260
26807
15586
4366
25913
14692
3471
25018
13798
2577
24124
12903
1683
23230
12009
788
22335
11115
32662
21441
10220
31768
20547
9326
30873
19652
8432
29979
18758
7537
29085
17864
6643
28190
16970
5749
27296
16075
4854
26402
15181
3960
25507
14287
3066
24613
13392
2171
23719
12498
1277
22824
11604
383
21930
10709
32256
21036
9815
31362
20141
8921
30468
19247
8026
29573
18353
7132
28679
17458
6238
27785
16564
5343
26890
15670
4449
25996
14775
3555
25102
13881
2660
24207
12987
1766
23313
12092
872
22419
11198
32745
21524
10304
31851
20630
9409
30957
19736
8515
30062
18841
7621
29168
17947
6726
28274
17053
5832
27379
16159
4938
26485
15264
4043
25591
14370
3149
24696
13476
2255
23802
12581
1360
22908
11687
466
22013
10793
32340
21119
9898
31445
20225
9004
30551
19330
8110
29657
18436
7215
28762
17542
6321
27868
16647
5427
26974
15753
4532
26079
14859
3638
25185
13964
2744
24291
13070
1849
23396
12176
955
22502
11281
61
21608
10387
31934
20713
9493
31040
19819
8598
30146
18925
7704
29251
18030
6810
28357
17136
5915
27463
16242
5021
26568
15347
4127
25674
14453
3232
24780
13559
2338
23885
12665
1444
22991
11770
549
22097
10876
32423
21202
9982
31529
20308
9087
30634
19414
8193
29740
18519
7299
28846
17625
6404
27951
16731
5510
27057
15836
4616
26163
14942
3721
25268
14048
2827
24374
13153
1933
23480
12259
1038
22585
11365
144
21691
10470
32018
20797
9576
31123
19902
8682
30229
19008
7787
29335
18114
6893
28440
17219
5999
27546
16325
5104
26652
15431
4210
25757
14536
3316
24863
13642
2421
23969
12748
1527
23074
11854
633
22180
10959
32506
21286
10065
31612
20391
9171
30718
19497
8276
29823
18603
7382
28929
17708
6488
28035
16814
5593
27140
15920
4699
26246
15025
3805
25352
14131
2910
24457
13237
2016
23563
12342
1122
22669
11448
227
21774
10554
32101
20880
9659
31207
19986
8765
30312
19091
7871
29418
18197
6976
28524
17303
6082
27629
16408
5188
26735
15514
4293
25841
14620
3399
24946
13725
2505
24052
12831
1610
23158
11937
716
22263
11043
32590
21369
10148
31695
20475
9254
30801
19580
8360
29907
18686
7465
29012
17792
6571
28118
16897
5677
27224
16003
4782
26329
15109
3888
25435
14214
2994
24541
13320
2099
23646
12426
1205
22752
11531
311
21858
10637
32184
20963
9743
31290
20069
8848
30396
19175
7954
29501
18280
7060
28607
17386
6165
27713
16492
5271
26818
15597
4377
25924
14703
3482
25030
13809
2588
24135
12914
1694
23241
12020
799
22347
11126
32673
21452
10231
31779
20558
9337
30884
19664
8443
29990
18769
7549
29096
17875
6654
28201
16981
5760
27307
16086
4866
26413
15192
3971
25518
14298
3077
24624
13403
2183
23730
12509
1288
22835
11615
394
21941
10720
32268
21047
9826
31373
20152
8932
30479
19258
8037
29585
18364
7143
28690
17469
6249
27796
16575
5354
26902
15681
4460
26007
14786
3566
25113
13892
2671
24219
12998
1777
23324
12103
883
22430
11209
32756
21536
10315
31862
20641
9420
30968
19747
8526
30073
18853
7632
29179
17958
6738
28285
17064
5843
27390
16170
4949
26496
15275
4055
25602
14381
3160
24707
13487
2266
23813
12592
1372
22919
11698
477
22024
10804
32351
21130
9909
31457
20236
9015
30562
19341
8121
29668
18447
7226
28774
17553
6332
27879
16658
5438
26985
15764
4543
26091
14870
3649
25196
13975
2755
24302
13081
1860
23408
12187
966
22513
11292
72
21619
10398
31945
20725
9504
31051
19830
8609
30157
18936
7715
29262
18042
6821
28368
17147
5927
27474
16253
5032
26579
15359
4138
25685
14464
3244
24791
13570
2349
23896
12676
1455
23002
11781
561
22108
10887
32434
21213
9993
31540
20319
9098
30646
19425
8204
29751
18530
7310
28857
17636
6415
27963
16742
5521
27068
15847
4627
26174
14953
3732
25280
14059
2838
24385
13164
1944
23491
12270
1049
22597
11376
155
21702
10481
32029
20808
9587
31134
19914
8693
30240
19019
7798
29346
18125
6904
28451
17231
6010
27557
16336
5116
26663
15442
4221
25768
14548
3327
24874
13653
2433
23980
12759
1538
23085
11865
644
22191
10970
32518
21297
10076
31623
20402
9182
30729
19508
8287
29835
18614
7393
28940
17719
6499
28046
16825
5604
27152
15931
4710
26257
15036
3816
25363
14142
2921
24469
13248
2027
23574
12353
1133
22680
11459
238
21786
10565
32112
20891
9670
31218
19997
8776
30323
19103
7882
29429
18208
6987
28535
17314
6093
27640
16420
5199
26746
15525
4304
25852
14631
3410
24957
13737
2516
24063
12842
1622
23169
11948
727
22274
11054
32601
21380
10159
31707
20486
9265
30812
19591
8371
29918
18697
7476
29024
17803
6582
28129
16908
5688
27235
16014
4793
26341
15120
3899
25446
14225
3005
24552
13331
2110
23658
12437
1216
22763
11542
322
21869
10648
32195
20975
9754
31301
20080
8859
30407
19186
7965
29512
18292
7071
28618
17397
6176
27724
16503
5282
26829
15609
4388
25935
14714
3493
25041
13820
2599
24146
12926
1705
23252
12031
811
22358
11137
32684
21463
10243
31790
20569
9348
30896
19675
8454
30001
18780
7560
29107
17886
6665
28213
16992
5771
27318
16097
4877
26424
15203
3982
25530
14309
3088
24635
13414
2194
23741
12520
1299
22847
11626
405
21952
10731
32279
21058
9837
31384
20164
8943
30490
19269
8048
29596
18375
7154
28701
17481
6260
27807
16586
5365
26913
15692
4471
26018
14798
3577
25124
13903
2682
24230
13009
1788
23335
12115
894
22441
11220
0
21547
10326
31873
20652
9432
30979
19758
8537
30085
18864
7643
29190
17969
6749
28296
17075
5854
27402
16181
4960
26507
15286
4066
25613
14392
3171
24719
13498
2277
23824
12603
1383
22930
11709
488
22036
10815
32362
21141
9920
31468
20247
9026
30573
19353
8132
29679
18458
7237
28785
17564
6343
27890
16670
5449
26996
15775
4554
26102
14881
3660
25207
13987
2766
24313
13092
1871
23419
12198
977
22524
11304
83
21630
10409
31956
20736
9515
31062
19841
8621
30168
18947
7726
29274
18053
6832
28379
17158
5938
27485
16264
5043
26591
15370
4149
25696
14475
3255
24802
13581
2360
23908
12687
1466
23013
11792
572
22119
10898
32445
21225
10004
31551
20330
9109
30657
19436
8215
29762
18542
7321
28868
17647
6426
27974
16753
5532
27079
15859
4638
26185
14964
3743
25291
14070
2849
24396
13176
1955
23502
12281
1060
22608
11387
166
21713
10493
32040
20819
9598
31145
19925
8704
30251
19030
7810
29357
18136
6915
28463
17242
6021
27568
16347
5127
26674
15453
4232
25780
14559
3338
24885
13664
2444
23991
12770
1549
23097
11876
655
22202
10981
32529
21308
10087
31634
20414
9193
30740
19519
8298
29846
18625
7404
28951
17731
6510
28057
16836
5615
27163
15942
4721
26268
15048
3827
25374
14153
2932
24480
13259
2038
23585
12365
1144
22691
11470
249
21797
10576
32123
20902
9682
31229
20008
8787
30334
19114
7893
29440
18219
6999
28546
17325
6104
27652
16431
5210
26757
15536
4316
25863
14642
3421
24969
13748
2527
24074
12853
1633
23180
11959
738
22286
11065
32612
21391
10170
31718
20497
9276
30823
19603
8382
29929
18708
7487
29035
17814
6593
28140
16920
5699
27246
16025
4804
26352
15131
3910
25457
14237
3016
24563
13342
2121
23669
12448
1227
22774
11554
333
21880
10659
32206
20986
9765
31312
20091
8871
30418
19197
7976
29523
18303
7082
28629
17408
6188
27735
16514
5293
26840
15620
4399
25946
14725
3505
25052
13831
2610
24158
12937
1716
23263
12042
822
22369
11148
32695
21475
10254
31801
20580
9359
30907
19686
8465
30012
18792
7571
29118
17897
6676
28224
17003
5782
27329
16109
4888
26435
15214
3993
25541
14320
3099
24646
13426
2205
23752
12531
1310
22858
11637
416
21963
10743
32290
21069
9848
31395
20175
8954
30501
19280
8060
29607
18386
7165
28712
17492
6271
27818
16597
5377
26924
15703
4482
26029
14809
3588
25135
13914
2694
24241
13020
1799
23347
12126
905
22452
11231
11
21558
10337
31884
20664
9443
30990
19769
8548
30096
18875
7654
29201
17981
6760
28307
17086
5865
27413
16192
4971
26518
15298
4077
25624
14403
3182
24730
13509
2288
23835
12615
1394
22941
11720
499
22047
10826
32373
21152
9932
31479
20258
9037
30584
19364
8143
29690
18469
7249
28796
17575
6354
27901
16681
5460
27007
15786
4566
26113
14892
3671
25218
13998
2777
24324
13103
1883
23430
12209
988
22536
11315
94
21641
10420
31968
20747
9526
31073
19853
8632
30179
18958
7737
29285
18064
6843
28390
17170
5949
27496
16275
5054
26602
15381
4160
25707
14487
3266
24813
13592
2371
23919
12698
1477
23024
11804
583
22130
10909
32456
21236
10015
31562
20341
9121
30668
19447
8226
29773
18553
7332
28879
17658
6438
27985
16764
5543
27090
15870
4649
26196
14975
3755
25302
14081
2860
24407
13187
1966
23513
12292
1072
22619
11398
177
21724
10504
32051
20830
9609
31157
19936
8715
30262
19042
7821
29368
18147
6926
28474
17253
6032
27579
16359
5138
26685
15464
4243
25791
14570
3349
24896
13676
2455
24002
12781
1560
23108
11887
666
22213
10993
32540
21319
10098
31645
20425
9204
30751
19530
8310
29857
18636
7415
28962
17742
6521
28068
16847
5627
27174
15953
4732
26279
15059
3838
25385
14164
2944
24491
13270
2049
23596
12376
1155
22702
11481
261
21808
10587
32134
20913
9693
31240
20019
8798
30346
19125
7904
29451
18231
7010
28557
17336
6115
27663
16442
5221
26768
15548
4327
25874
14653
3432
24980
13759
2538
24085
12865
1644
23191
11970
749
22297
11076
32623
21402
10182
31729
20508
9287
30834
19614
8393
29940
18719
7499
29046
17825
6604
28151
16931
5710
27257
16036
4816
26363
15142
3921
25468
14248
3027
24574
13353
2133
23680
12459
1238
22785
11565
344
21891
10670
32218
20997
9776
31323
20102
8882
30429
19208
7987
29535
18314
7093
28640
17420
6199
27746
16525
5304
26852
15631
4410
25957
14737
3516
25063
13842
2621
24169
12948
1727
23274
12054
833
22380
11159
32706
21486
10265
31812
20591
9371
30918
19697
8476
30023
18803
7582
29129
17908
6688
28235
17014
5793
27340
16120
4899
26446
15225
4005
25552
14331
3110
24657
13437
2216
23763
12542
1322
22869
11648
427
21974
10754
32301
21080
9859
31407
20186
8965
30512
19291
8071
29618
18397
7176
28724
17503
6282
27829
16609
5388
26935
15714
4493
26041
14820
3599
25146
13926
2705
24252
13031
1810
23358
12137
916
22463
11243
22
21569
10348
31895
20675
9454
31001
19780
8560
30107
18886
7665
29212
17992
6771
28318
17097
5877
27424
16203
4982
26529
15309
4088
25635
14414
3194
24741
13520
2299
23846
12626
1405
22952
11731
511
22058
10837
32384
21163
9943
31490
20269
9048
30596
19375
8154
29701
18480
7260
28807
17586
6365
27913
16692
5471
27018
15797
4577
26124
14903
3682
25230
14009
2788
24335
13115
1894
23441
12220
999
22547
11326
105
21652
10432
31979
20758
9537
31084
19864
8643
30190
18969
7749
29296
18075
6854
28401
17181
5960
27507
16286
5066
26613
15392
4171
25718
14498
3277
24824
13603
2383
23930
12709
1488
23035
11815
594
22141
10920
32468
21247
10026
31573
20352
9132
30679
19458
8237
29785
18564
7343
28890
17669
6449
27996
16775
5554
27102
15881
4660
26207
14986
3766
25313
14092
2871
24419
13198
1977
23524
12304
1083
22630
11409
188
21736
10515
32062
20841
9621
31168
19947
8726
30273
19053
7832
29379
18158
6938
28485
17264
6043
27590
16370
5149
26696
15475
4255
25802
14581
3360
24907
13687
2466
24013
12792
1572
23119
11898
677
22224
11004
32551
21330
10109
31657
20436
9215
30762
19541
8321
29868
18647
7426
28974
17753
6532
28079
16858
5638
27185
15964
4743
26291
15070
3849
25396
14175
2955
24502
13281
2060
23608
12387
1166
22713
11493
272
21819
10598
32145
20925
9704
31251
20030
8810
30357
19136
7915
29462
18242
7021
28568
17347
6127
27674
16453
5232
26779
15559
4338
25885
14664
3444
24991
13770
2549
24096
12876
1655
23202
11981
761
22308
11087
32634
21413
10193
31740
20519
9298
30846
19625
8404
29951
18730
7510
29057
17836
6615
28163
16942
5721
27268
16047
4827
26374
15153
3932
25480
14259
3038
24585
13364
2144
23691
12470
1249
22797
11576
355
21902
10681
32229
21008
9787
31334
20114
8893
30440
19219
7999
29546
18325
7104
28651
17431
6210
27757
16536
5316
26863
15642
4421
25968
14748
3527
25074
13853
2633
24180
12959
1738
23285
12065
844
22391
11170
32718
21497
10276
31823
20602
9382
30929
19708
8487
30035
18814
7593
29140
17919
6699
28246
17025
5804
27352
16131
4910
26457
15236
4016
25563
14342
3121
24669
13448
2227
23774
12553
1333
22880
11659
438
21986
10765
32312
21091
9870
31418
20197
8976
30523
19303
8082
29629
18408
7188
28735
17514
6293
27840
16620
5399
26946
15725
4505
26052
14831
3610
25157
13937
2716
24263
13042
1822
23369
12148
927
22474
11254
33
21580
10359
31907
20686
9465
31012
19791
8571
30118
18897
7676
29224
18003
6782
28329
17108
5888
27435
16214
4993
26541
15320
4099
25646
14425
3205
24752
13531
2310
23858
12637
1416
22963
11742
522
22069
10848
32395
21175
9954
31501
20280
9059
30607
19386
8165
29712
18492
7271
28818
17597
6377
27924
16703
5482
27029
15809
4588
26135
14914
3694
25241
14020
2799
24346
13126
1905
23452
12231
1011
22558
11337
116
21663
10443
31990
20769
9548
31096
19875
8654
30201
18980
7760
29307
18086
6865
28413
17192
5971
27518
16297
5077
26624
15403
4182
25730
14509
3288
24835
13614
2394
23941
12720
1499
23047
11826
605
22152
10931
32479
21258
10037
31584
20364
9143
30690
19469
8248
29796
18575
7354
28901
17681
6460
28007
16786
5565
27113
15892
4671
26218
14998
3777
25324
14103
2883
24430
13209
1988
23535
12315
1094
22641
11420
200
21747
10526
32073
20852
9632
31179
19958
8737
30285
19064
7843
29390
18169
6949
28496
17275
6054
27602
16381
5160
26707
15486
4266
25813
14592
3371
24919
13698
2477
24024
12803
1583
23130
11909
688
22236
11015
32562
21341
10120
31668
20447
9226
30773
19553
8332
29879
18658
7437
28985
17764
6543
28090
16870
5649
27196
15975
4754
26302
15081
3860
25407
14187
2966
24513
13292
2072
23619
12398
1177
22724
11504
283
21830
10609
32157
20936
9715
31262
20041
8821
30368
19147
7926
29474
18253
7032
28579
17358
6138
27685
16464
5243
26791
15570
4349
25896
14675
3455
25002
13781
2560
24108
12887
1666
23213
11992
772
22319
11098
32645
21425
10204
31751
20530
9309
30857
19636
8415
29962
18742
7521
29068
17847
6626
28174
16953
5732
27279
16059
4838
26385
15164
3943
25491
14270
3049
24596
13376
2155
23702
12481
1261
22808
11587
366
21913
10693
32240
21019
9798
31346
20125
8904
30451
19230
8010
29557
18336
7115
28663
17442
6221
27768
16547
5327
26874
15653
4432
25980
14759
3538
25085
13864
2644
24191
12970
1749
23297
12076
855
22402
11181
32729
21508
10287
31834
20614
9393
30940
19719
8498
30046
18825
7604
29151
17931
6710
28257
17036
5815
27363
16142
4921
26468
15248
4027
25574
14353
3132
24680
13459
2238
23785
12565
1344
22891
11670
449
21997
10776
32323
21102
9882
31429
20208
8987
30535
19314
8093
29640
18419
7199
28746
17525
6304
27852
16631
5410
26957
15736
4516
26063
14842
3621
25169
13948
2727
24274
13053
1833
23380
12159
938
22486
11265
44
21591
10370
31918
20697
9476
31023
19803
8582
30129
18908
7687
29235
18014
6793
28340
17120
5899
27446
16225
5004
26552
15331
4110
25657
14437
3216
24763
13542
2321
23869
12648
1427
22974
11754
533
22080
10859
32406
21186
9965
31512
20291
9071
30618
19397
8176
29724
18503
7282
28829
17608
6388
27935
16714
5493
27041
15820
4599
26146
14925
3705
25252
14031
2810
24358
13137
1916
23463
12242
1022
22569
11348
127
21675
10454
32001
20780
9559
31107
19886
8665
30212
18992
7771
29318
18097
6876
28424
17203
5982
27529
16309
5088
26635
15414
4193
25741
14520
3299
24846
13626
2405
23952
12731
1510
23058
11837
616
22163
10943
32490
21269
10048
31595
20375
9154
30701
19480
8260
29807
18586
7365
28913
17692
6471
28018
16797
5577
27124
15903
4682
26230
15009
3788
25335
14114
2894
24441
13220
1999
23547
12326
1105
22652
11431
211
21758
10537
32084
20864
9643
31190
19969
8748
30296
19075
7854
29401
18181
6960
28507
17286
6065
27613
16392
5171
26718
15498
4277
25824
14603
3382
24930
13709
2488
24035
12815
1594
23141
11920
699
22247
11026
32573
21352
10132
31679
20458
9237
30784
19564
8343
29890
18669
7449
28996
17775
6554
28102
16881
5660
27207
15986
4766
26313
15092
3871
25419
14198
2977
24524
13303
2083
23630
12409
1188
22736
11515
294
21841
10620
32168
20947
9726
31273
20053
8832
30379
19158
7937
29485
18264
7043
28590
17370
6149
27696
16475
5254
26802
15581
4360
25907
14687
3466
25013
13792
2571
24119
12898
1677
23224
12004
783
22330
11109
32656
21436
10215
31762
20541
9321
30868
19647
8426
29973
18753
7532
29079
17858
6638
28185
16964
5743
27290
16070
4849
26396
15175
3955
25502
14281
3060
24608
13387
2166
23713
12492
1272
22819
11598
377
21925
10704
32251
21030
9809
31357
20136
8915
30462
19242
8021
29568
18347
7126
28674
17453
6232
27779
16559
5338
26885
15664
4443
25991
14770
3549
25096
13876
2655
24202
12981
1760
23308
12087
866
22413
11193
32740
21519
10298
31845
20625
9404
30951
19730
8510
30057
18836
7615
29162
17942
6721
28268
17047
5827
27374
16153
4932
26479
15259
4038
25585
14364
3144
24691
13470
2249
23797
12576
1355
22902
11681
461
22008
10787
32334
21114
9893
31440
20219
8998
30546
19325
8104
29651
18431
7210
28757
17536
6315
27863
16642
5421
26968
15748
4527
26074
14853
3632
25180
13959
2738
24285
13065
1844
23391
12170
949
22497
11276
55
21602
10382
31929
20708
9487
31034
19814
8593
30140
18919
7699
29246
18025
6804
28351
17131
5910
27457
16236
5016
26563
15342
4121
25668
14448
3227
24774
13553
2333
23880
12659
1438
22986
11765
544
22091
10870
32418
21197
9976
31523
20303
9082
30629
19408
8187
29735
18514
7293
28840
17620
6399
27946
16725
5504
27052
15831
4610
26157
14937
3716
25263
14042
2821
24369
13148
1927
23474
12254
1033
22580
11359
138
21686
10465
32012
20791
9571
31118
19897
8676
30223
19003
7782
29329
18108
6888
28435
17214
5993
27540
16320
5099
26646
15425
4205
25752
14531
3310
24857
13637
2416
23963
12742
1522
23069
11848
627
22174
10954
32501
21280
10059
31607
20386
9165
30712
19492
8271
29818
18597
7376
28924
17703
6482
28029
16809
5588
27135
15914
4693
26241
15020
3799
25346
14126
2905
24452
13231
2010
23558
12337
1116
22663
11443
222
21769
10548
32095
20875
9654
31201
19980
8760
30307
19086
7865
29412
18192
6971
28518
17297
6077
27624
16403
5182
26729
15509
4288
25835
14614
3394
24941
13720
2499
24046
12826
1605
23152
11931
711
22258
11037
32584
21363
10143
31690
20469
9248
30796
19575
8354
29901
18681
7460
29007
17786
6565
28113
16892
5671
27218
15998
4777
26324
15103
3882
25430
14209
2988
24535
13315
2094
23641
12420
1199
22747
11526
305
21852
10632
32179
20958
9737
31284
20064
8843
30390
19169
7949
29496
18275
7054
28601
17381
6160
27707
16486
5266
26813
15592
4371
25918
14698
3477
25024
13803
2583
24130
12909
1688
23235
12015
794
22341
11120
32668
21447
10226
31773
20552
9332
30879
19658
8437
29985
18764
7543
29090
17870
6649
28196
16975
5754
27302
16081
4860
26407
15187
3966
25513
14292
3071
24619
13398
2177
23724
12504
1283
22830
11609
388
21936
10715
32262
21041
9821
31368
20147
8926
30473
19253
8032
29579
18358
7138
28685
17464
6243
27790
16570
5349
26896
15675
4455
26002
14781
3560
25107
13887
2666
24213
12992
1772
23319
12098
877
22424
11204
32751
21530
10309
31857
20636
9415
30962
19741
8521
30068
18847
7626
29174
17953
6732
28279
17058
5838
27385
16164
4943
26491
15270
4049
25596
14376
3155
24702
13481
2260
23808
12587
1366
22913
11693
472
22019
10798
32345
21125
9904
31451
20230
9010
30557
19336
8115
29662
18442
7221
28768
17547
6327
27874
16653
5432
26979
15759
4538
26085
14864
3644
25191
13970
2749
24296
13076
1855
23402
12181
961
22508
11287
66
21613
10393
31940
20719
9498
31046
19825
8604
30151
18930
7710
29257
18036
6815
28363
17142
5921
27468
16247
5027
26574
15353
4132
25680
14459
3238
24785
13565
2344
23891
12670
1449
22997
11776
555
22102
10882
32429
21208
9987
31534
20314
9093
30640
19419
8199
29746
18525
7304
28851
17631
6410
27957
16736
5516
27063
15842
4621
26168
14948
3727
25274
14053
2833
24380
13159
1938
23485
12265
1044
22591
11370
150
21697
10476
32023
20802
9582
31129
19908
8687
30235
19014
7793
29340
18119
6899
28446
17225
6004
27552
16331
5110
26657
15436
4216
25763
14542
3321
24869
13648
2427
23974
12754
1533
23080
11859
638
22186
10965
32512
21291
10071
31618
20397
9176
30723
19503
8282
29829
18608
7388
28935
17714
6493
28040
16820
5599
27146
15925
4705
26252
15031
3810
25357
14137
2916
24463
13242
2022
23569
12348
1127
